8,8,10,13,10,8,8,12,10,8,8,8,8,10,8,8,8,8,10,10,8,8,8,8,12,8,8,8,10,8,8,8,8,12,8,8,8,8,8,8,8,8,12,10,8,13,8,12,8,12,10,8,8,8,8,8,8,8,10,8,8,10,10,12,8,8,8,8,8,8,8,8,8,8,8,8,8,8,8,8,8,8,8,8,8,13,13,12,8,8,8,8,8,8,8,8,
8,8,10,13,10,8,10,12,10,8,8,8,8,10,8,8,8,10,8,8,12,8,8,8,10,8,8,8,12,8,8,8,8,8,8,8,12,10,8,13,12,12,10,8,8,8,8,8,8,10,8,8,10,10,12,8,8,8,8,8,8,8,8,8,8,8,8,8,8,8,13,13,12,8,8,8,8,8,8,8,
10,10,13,13,12,13,12,13,12,8,8,8,
17,13,17,13,14,18,17,8,8,12,8,
12,14,21,20,8,10,8,15,
8,20,20,16,8,
8,22,20,13,16,8,8,
8,
8,
8,
